1000
0
62
576
3
291
118
9
22
775
401
51
176
28
1
2
12
131
707
858
39
876
359
125
951
570
241
218
5
105
44
153
344
157
846
939
10
421
156
50
93
99
550
26
34
175
330
313
402
81
450
27
32
6
668
617
55
615
435
252
202
150
49
70
154
483
109
820
69
11
511
106
644
309
536
147
23
567
596
171
48
160
468
216
115
475
16
454
121
52
247
255
471
723
270
265
271
516
4
167
799
31
67
285
20
111
423
756
146
242
113
287
162
438
38
735
137
30
325
638
937
120
889
8
286
78
204
262
661
103
294
517
554
388
72
199
385
297
407
392
91
40
169
45
478
469
373
189
124
416
414
182
82
374
61
364
165
179
134
117
740
451
745
98
46
140
664
126
832
272
609
76
92
250
13
606
230
497
138
387
17
991
463
304
394
620
358
35
383
190
75
616
525
101
163
24
260
145
768
408
87
155
758
96
367
302
472
88
428
628
261
15
236
409
320
102
412
18
211
490
59
234
912
670
396
25
481
789
982
744
314
90
84
660
461
207
507
430
333
612
712
622
178
279
413
436
196
100
74
368
581
197
60
840
108
947
148
245
210
406
231
281
228
328
393
133
21
203
119
334
356
933
583
588
350
77
806
123
42
104
95
837
681
243
29
676
342
47
217
127
183
891
860
83
249
592
14
43
424
874
460
654
275
54
962
246
965
193
773
57
579
803
312
37
116
327
225
80
198
139
130
33
149
532
227
405
716
188
534
801
110
19
114
259
509
557
573
221
619
310
151
482
936
814
349
528
822
85
975
709
71
166
296
479
559
477
331
336
56
305
65
921
365
324
181
66
457
267
692
765
447
311
624
152
41
433
64
626
629
543
737
494
585
352
726
452
742
533
728
254
277
361
770
885
653
869
222
514
128
594
830
200
159
370
404
238
319
376
329
347
857
522
464
480
604
577
553
244
488
301
459
68
136
89
288
94
369
953
86
223
180
942
381
848
174
704
582
930
345
485
637
251
256
229
36
263
443
391
796
957
520
382
530
170
746
158
107
53
172
226
295
614
7
949
386
129
757
144
677
268
240
825
496
290
997
415
339
389
816
760
519
235
343
219
278
299
422
544
292
648
702
348
439
923
323
135
73
743
97
353
913
338
168
896
706
836
873
458
239
899
289
205
662
607
363
164
214
321
300
484
224
769
610
132
112
143
715
688
258
185
817
551
273
417
708
886
215
209
720
184
755
237
444
498
795
597
847
487
652
645
208
808
813
887
724
201
572
819
679
173
346
161
195
603
524
571
63
410
578
280
986
360
473
269
411
470
375
141
994
474
315
212
341
556
513
591
964
605
867
767
437
927
194
467
815
355
574
508
539
625
318
521
892
187
781
377
232
317
337
248
495
192
503
398
332
778
340
284
861
191
357
351
491
504
732
283
303
206
264
58
372
449
584
501
752
659
253
500
647
561
335
306
703
213
442
266
371
441
894
518
233
455
545
399
697
683
282
456
257
378
432
710
903
595
759
529
220
390
397
623
502
298
754
926
568
316
736
730
308
466
307
142
362
988
761
711
809
380
663
856
434
569
492
845
177
835
802
575
970
462
834
499
548
453
512
634
379
493
631
420
274
400
293
489
549
431
618
555
465
541
537
403
526
562
717
440
719
384
535
563
580
855
542
993
973
510
838
326
429
788
990
566
79
701
671
695
586
354
995
779
657
448
682
486
546
395
446
924
650
558
565
527
515
675
643
425
633
122
538
599
640
630
890
590
669
865
608
667
560
771
818
888
587
698
366
678
747
621
656
805
476
613
727
552
418
721
804
872
505
602
627
849
589
821
641
992
276
186
427
713
705
506
651
419
827
722
564
729
812
777
547
611
741
977
931
598
445
774
531
649
655
632
672
686
831
833
963
600
718
601
593
725
907
739
920
639
880
922
881
680
642
714
674
523
322
961
772
733
810
751
935
665
690
426
911
684
687
791
540
763
673
852
878
829
731
762
863
666
734
884
646
766
700
776
794
685
844
823
839
786
635
738
996
753
636
882
918
696
764
866
658
691
787
792
828
783
807
945
984
785
901
749
900
853
800
850
784
868
797
915
870
904
941
841
811
843
750
875
906
748
689
693
917
824
851
859
699
956
780
955
940
893
871
793
910
826
914
877
879
862
952
897
908
950
898
694
854
960
790
842
954
972
967
925
928
895
934
944
782
864
932
969
981
798
998
938
999
978
971
902
883
987
943
905
909
929
916
974
919
980
959
946
948
958
989
966
983
968
976
979
985
